21 75
22 75
23 75
24 75
25 74
26 74
27 74
28 74
29 73
30 73
31 72
32 72
33 71
34 70
35 69
36 68
36 67
37 66
38 65
38 64
39 63
39 62
40 61
40 60
41 59
41 58
41 57
42 56
42 55
42 54
43 53
43 52
43 51
43 50
43 49
43 48
44 47
44 46
44 45
44 44
44 43
44 42
44 41
44 40
44 39
44 38
44 37
44 36
44 35
44 34
44 33
44 32
44 31
44 30
44 29
44 28
44 27
44 26
44 25
44 24
44 23
43 22
43 21
43 20
43 19
43 18
42 17
42 16
42 15
41 14
41 13
40 12
40 11
40 10
39 9
38 8
38 7
37 6
36 5
35 4
34 3
33 2
32 2
31 1
30 1
29 0
28 0
27 0
26 0
25 0
24 0
23 0
22 0
21 0
20 0
19 0
18 0
17 0
16 0
15 1
14 1
13 2
12 2
11 3
10 4
9 5
8 6
7 7
6 8
6 9
5 10
5 11
4 12
4 13
3 14
3 15
3 16
2 17
2 18
2 19
2 20
1 21
1 22
1 23
1 24
1 25
1 26
0 27
0 28
0 29
0 30
0 31
0 32
0 33
0 34
0 35
0 36
0 37
0 38
0 39
0 40
0 41
0 42
0 43
0 44
1 45
1 46
1 47
1 48
1 49
1 50
2 51
2 52
2 53
2 54
3 55
3 56
3 57
3 58
4 59
4 60
5 61
5 62
6 63
6 64
7 65
7 66
8 67
9 68
10 69
11 70
12 71
13 72
14 72
15 73
16 73
17 74
18 74
19 74
20 74
