16 74
16 73
15 72
15 71
15 70
15 69
15 68
14 68
13 68
12 67
11 66
10 65
10 64
9 63
9 62
8 61
7 60
7 59
6 58
6 57
5 56
4 55
4 54
3 53
2 52
2 51
1 50
0 49
16 49
16 50
16 51
16 52
16 53
16 54
16 55
16 56
16 57
16 58
16 59
16 60
16 61
16 62
16 63
16 64
16 65
16 66
16 67
16 48
16 47
16 46
16 45
16 44
16 43
16 42
16 41
16 40
16 39
16 38
16 37
16 36
16 35
16 34
16 33
16 32
16 31
16 30
16 29
16 28
16 27
16 26
16 25
16 24
16 23
16 22
16 21
16 20
16 19
16 18
16 17
16 16
16 15
16 14
16 13
16 12
16 11
16 10
16 9
16 8
16 7
16 6
16 5
16 4
16 3
16 2
16 1
16 0
