17 71
18 71
19 71
20 71
21 71
22 70
23 70
24 70
25 70
26 69
27 69
28 69
29 68
30 67
31 67
32 66
33 65
34 64
34 63
35 62
36 61
36 60
37 59
37 58
37 57
37 56
38 55
38 54
38 53
38 52
38 51
38 50
37 49
37 48
37 47
36 46
36 45
35 44
35 43
34 42
34 41
33 40
33 39
32 38
31 37
31 36
30 35
29 34
28 33
27 32
27 31
26 30
25 29
24 28
23 27
22 26
21 25
21 24
20 23
19 22
18 21
17 20
16 19
15 18
14 17
13 16
12 15
11 14
10 13
9 12
8 11
7 10
6 9
6 8
5 7
4 6
3 5
3 4
2 3
2 2
2 1
3 1
4 1
5 1
6 1
7 1
8 2
9 2
10 2
11 2
12 3
13 3
14 3
15 3
16 3
17 3
18 3
19 3
20 3
21 2
22 2
23 1
24 1
25 1
26 0
27 0
28 0
29 0
30 0
31 0
32 0
33 0
34 0
35 0
36 0
37 1
38 2
37 3
37 4
1 0
0 53
0 54
0 55
0 56
0 57
1 58
1 59
2 60
2 61
3 62
4 63
4 64
5 65
6 66
7 66
8 67
9 68
10 68
11 69
12 69
13 70
14 70
15 70
16 70
