18 74
19 74
20 74
21 74
22 74
23 74
24 73
25 73
26 73
27 73
28 73
29 72
30 72
31 71
32 71
33 70
34 69
35 68
36 67
37 66
37 65
38 64
38 63
38 62
39 61
39 60
39 59
39 58
39 57
39 56
39 55
39 54
39 53
39 52
39 51
38 50
38 49
37 48
37 47
36 46
35 45
34 45
33 44
32 44
31 43
30 43
29 42
28 42
27 42
26 42
25 41
25 40
24 40
23 40
22 40
21 41
20 41
19 41
18 41
17 41
16 41
15 41
14 41
13 41
12 41
11 41
25 39
26 38
27 37
28 37
29 36
30 36
31 35
32 34
33 33
34 32
35 31
36 30
37 29
37 28
38 27
38 26
38 25
39 24
39 23
39 22
39 21
39 20
39 19
39 18
39 17
39 16
39 15
39 14
39 13
38 12
38 11
38 10
37 9
37 8
36 7
35 6
34 5
33 4
32 3
31 3
30 2
29 2
28 1
27 1
26 1
25 1
24 0
23 0
22 0
21 0
20 0
19 0
18 0
17 0
16 0
15 1
14 1
13 1
12 1
11 2
10 2
9 3
8 3
7 4
6 5
5 6
4 7
3 8
3 9
2 10
2 11
1 12
1 13
1 14
1 15
1 16
0 17
0 18
1 55
1 56
1 57
1 58
2 59
2 60
2 61
3 62
3 63
4 64
4 65
5 66
6 67
7 68
8 69
9 70
10 71
11 71
12 72
13 72
14 73
15 73
16 73
17 73
