27 71
26 70
26 69
25 68
25 67
24 66
23 65
23 64
22 63
21 62
21 61
20 60
19 59
19 58
18 57
18 56
17 55
16 54
16 53
15 52
14 51
14 50
13 49
13 48
12 47
11 46
11 45
10 44
9 43
9 42
8 41
7 40
7 39
6 38
6 37
5 36
4 35
4 34
3 33
2 32
2 31
2 30
1 29
1 28
0 27
2 27
3 27
4 27
5 27
6 27
7 27
8 27
9 27
10 27
11 27
12 27
13 28
14 27
15 27
16 27
17 27
18 27
19 27
20 27
21 27
22 27
23 27
24 27
25 27
26 27
27 27
28 27
29 27
30 27
31 27
32 27
33 28
34 28
34 29
34 30
34 31
34 32
34 33
34 34
34 35
34 36
34 37
34 38
34 39
34 40
34 41
34 42
34 43
34 44
34 45
34 46
34 47
34 48
34 49
34 50
34 51
34 52
34 53
34 54
34 55
34 56
34 57
34 58
34 59
34 60
34 61
34 62
34 63
34 64
34 65
34 66
34 67
34 68
34 69
34 70
34 27
34 26
34 25
34 24
34 23
34 22
34 21
34 20
34 19
34 18
34 17
34 16
34 15
34 14
34 13
34 12
34 11
34 10
34 9
34 8
34 7
34 6
34 5
34 4
34 3
34 2
34 1
34 0
