2 72
3 72
4 72
5 72
6 72
7 72
8 72
9 72
10 72
11 72
12 72
13 72
14 72
15 72
16 72
17 72
18 72
19 72
20 72
21 72
22 72
23 72
24 72
25 72
26 72
27 72
28 72
29 72
30 72
31 72
32 72
33 72
34 72
35 72
36 72
37 72
38 72
39 72
40 72
29 42
28 42
27 42
26 42
25 43
24 43
23 43
22 43
21 43
20 43
19 43
18 43
17 43
16 43
15 43
14 42
13 42
12 42
11 42
10 42
9 42
8 41
7 41
6 41
5 41
4 40
3 40
2 40
1 40
0 41
0 42
0 43
0 44
0 45
0 46
0 47
0 48
0 49
0 50
0 51
0 52
0 53
0 54
0 55
0 56
0 57
0 58
0 59
0 60
0 61
0 62
0 63
0 64
0 65
0 66
0 67
0 68
0 69
0 70
1 71
30 41
31 41
32 40
33 39
34 38
35 37
36 36
37 35
37 34
38 33
38 32
38 31
39 30
39 29
39 28
39 27
39 26
39 25
39 24
39 23
39 22
39 21
39 20
39 19
39 18
39 17
39 16
39 15
39 14
39 13
39 12
38 11
38 10
37 9
37 8
36 7
35 6
34 5
33 4
32 3
31 3
30 2
29 1
28 1
27 1
26 0
25 0
24 0
23 0
22 0
21 0
20 0
19 0
18 0
17 0
16 0
15 0
14 1
13 1
12 1
11 1
10 2
9 2
8 3
7 3
6 4
5 4
4 5
3 6
2 7
2 8
1 9
1 10
1 11
1 12
