19 73
18 72
17 72
16 72
15 72
14 72
13 71
12 71
11 70
10 70
9 69
8 68
7 68
6 67
5 66
4 65
4 64
3 63
2 62
2 61
1 60
1 59
1 58
1 57
0 56
0 55
0 54
0 53
0 52
0 51
0 50
0 49
0 48
0 47
0 46
0 45
0 44
0 43
0 42
0 41
0 40
0 39
0 38
0 37
0 36
0 35
0 34
0 33
0 32
0 31
1 30
2 30
3 31
4 31
5 32
6 33
7 34
8 35
9 36
10 36
11 37
12 37
13 37
14 37
15 38
16 38
17 38
18 38
19 38
20 38
21 38
22 38
23 38
24 37
25 37
26 37
27 37
28 36
29 36
30 35
31 35
32 34
33 33
34 32
35 31
35 30
36 29
36 28
37 27
37 26
37 25
38 24
38 23
38 22
38 21
38 20
38 19
38 18
38 17
38 16
38 15
37 14
37 13
37 12
36 11
36 10
35 9
35 8
34 7
33 6
33 5
32 4
31 4
30 3
29 2
28 2
27 1
26 1
25 1
24 0
23 0
22 0
21 0
20 0
19 0
18 0
17 0
16 0
15 0
14 0
13 0
12 1
11 1
10 2
9 3
8 3
7 4
6 5
5 6
4 7
4 8
3 9
2 10
2 11
1 12
1 13
1 14
1 15
0 16
0 17
0 18
0 19
0 20
0 21
0 22
0 23
0 24
0 25
0 26
1 27
1 28
1 29
38 57
38 58
38 59
37 60
37 61
37 62
36 63
35 64
34 65
33 66
32 67
31 68
30 69
29 70
28 70
27 71
26 71
25 71
24 72
23 72
22 72
21 72
20 72
