0 69
1 69
2 69
3 69
4 69
5 69
6 69
7 69
8 69
9 69
10 69
11 69
12 69
13 69
14 69
15 69
16 69
17 69
18 69
19 69
20 69
21 69
22 69
23 69
24 69
25 69
26 69
27 69
28 69
29 69
30 69
31 69
32 69
33 69
34 69
35 69
36 68
36 67
36 66
36 65
35 64
34 63
33 62
33 61
32 60
31 59
31 58
30 57
29 56
29 55
28 54
27 53
27 52
26 51
26 50
25 49
24 48
24 47
23 46
23 45
22 44
22 43
21 42
20 41
20 40
19 39
19 38
18 37
18 36
17 35
17 34
16 33
16 32
16 31
15 30
15 29
14 28
14 27
14 26
13 25
13 24
12 23
12 22
12 21
11 20
11 19
11 18
10 17
10 16
10 15
10 14
10 13
9 12
9 11
9 10
9 9
8 8
8 7
8 6
8 5
8 4
8 3
8 2
7 1
8 0
