15 70
16 70
17 70
18 70
19 70
20 70
21 70
22 70
23 70
24 70
25 69
26 69
27 68
28 68
29 67
30 66
31 65
32 64
33 63
33 62
34 61
34 60
34 59
35 58
35 57
35 56
35 55
35 54
35 53
35 52
35 51
35 50
34 49
34 48
33 47
33 46
32 45
31 44
30 43
29 42
28 41
27 40
26 39
26 38
25 38
24 38
23 38
22 38
21 38
20 38
19 38
18 38
17 38
16 38
15 38
14 38
13 38
12 38
12 39
12 40
11 41
10 41
9 42
8 43
7 44
6 45
6 46
5 47
5 48
4 49
4 50
4 51
4 52
3 53
3 54
3 55
3 56
4 57
4 58
4 59
4 60
5 61
5 62
6 63
7 64
7 65
8 66
9 67
10 67
11 68
12 69
13 69
14 69
12 37
11 36
10 36
9 35
8 35
7 34
6 33
5 32
4 31
3 30
3 29
2 28
2 27
2 26
1 25
1 24
0 23
0 22
0 21
0 20
0 19
0 18
0 17
0 16
0 15
1 14
1 13
1 12
2 11
2 10
3 9
4 8
4 7
5 6
6 5
7 4
8 3
9 3
10 2
11 2
12 1
13 1
14 1
15 0
16 0
17 0
18 0
19 0
20 0
21 0
22 0
23 0
24 0
25 1
26 1
27 1
28 2
29 3
30 3
31 4
32 5
33 6
34 7
35 8
36 9
36 10
37 11
37 12
38 13
38 14
38 15
38 16
38 17
38 18
38 19
38 20
38 21
38 22
38 23
38 24
37 25
37 26
36 27
36 28
35 29
35 30
34 31
33 32
32 33
31 34
30 35
29 35
28 36
27 36
26 37
