19 73
20 73
21 72
22 72
23 72
24 72
25 72
26 71
27 71
28 70
29 69
30 68
31 67
32 66
33 65
34 64
35 63
35 62
36 61
36 60
37 59
37 58
37 57
37 56
38 55
38 54
38 53
38 52
38 51
38 50
37 49
37 48
37 47
37 46
37 45
37 44
37 43
37 42
36 42
35 42
34 41
33 40
32 39
31 38
30 37
29 36
28 36
27 35
26 35
25 35
24 34
23 34
22 34
21 34
20 34
19 34
18 34
17 34
16 34
15 34
14 34
13 34
12 35
11 35
10 35
9 36
8 36
7 37
6 38
5 39
4 40
3 41
2 42
2 43
1 44
1 45
1 46
1 47
0 48
0 49
0 50
0 51
0 52
0 53
0 54
0 55
0 56
0 57
0 58
1 59
1 60
1 61
2 62
3 63
3 64
4 65
5 66
6 67
7 68
8 69
9 69
10 70
11 71
12 71
13 71
14 72
15 72
16 72
17 72
18 72
38 41
38 40
38 39
38 38
38 37
38 36
38 35
38 34
37 33
37 32
37 31
38 30
38 29
38 28
38 27
38 26
38 25
38 24
38 23
38 22
38 21
38 20
38 19
38 18
38 17
38 16
37 15
37 14
37 13
37 12
36 11
36 10
35 9
34 8
34 7
33 6
32 5
31 4
30 3
29 3
28 2
27 1
26 1
25 1
24 0
23 0
22 0
21 0
20 0
19 0
18 0
17 0
16 0
15 0
14 0
13 0
12 1
11 1
10 2
9 2
8 3
7 4
6 4
5 5
4 6
3 7
2 8
2 9
1 10
1 11
0 12
0 13
0 14
0 15
