22 73
22 72
22 71
22 70
22 69
22 68
22 67
22 66
21 65
20 64
19 63
19 62
19 61
19 60
18 59
18 58
18 57
17 56
17 55
17 54
17 53
16 52
16 51
16 50
15 49
15 48
15 47
15 46
14 45
14 44
14 43
13 42
13 41
13 40
13 39
12 38
12 37
12 36
11 35
11 34
11 33
10 32
10 31
10 30
10 29
10 28
10 27
9 27
9 26
8 25
8 24
8 23
8 22
7 21
7 20
7 19
6 18
6 17
6 16
6 15
5 14
5 13
5 12
4 11
4 10
4 9
4 8
3 7
3 6
3 5
2 4
2 3
2 2
2 1
1 0
0 0
11 27
12 27
13 27
14 27
15 27
16 27
17 27
18 27
19 27
20 27
21 27
22 27
23 27
24 27
25 27
26 27
27 27
28 27
29 27
30 27
31 27
32 27
33 27
34 27
34 28
34 29
34 30
34 31
34 32
33 33
33 34
33 35
32 36
32 37
32 38
32 39
31 40
31 41
31 42
30 43
30 44
30 45
30 46
29 47
29 48
29 49
28 50
28 51
28 52
27 53
27 54
27 55
27 56
26 57
26 58
26 59
25 60
25 61
25 62
24 63
24 64
23 65
35 26
36 25
36 24
36 23
37 22
37 21
37 20
38 19
38 18
38 17
38 16
39 15
39 14
39 13
40 12
40 11
40 10
41 9
41 8
41 7
41 6
42 5
42 4
42 3
43 2
43 1
43 0
