1 71
2 71
3 71
4 71
5 71
6 71
7 71
8 71
9 71
10 71
11 71
12 71
13 71
14 71
15 71
16 71
17 71
18 71
19 71
20 70
21 70
22 70
23 70
24 70
25 69
26 69
27 69
28 68
29 68
30 67
31 67
32 66
33 65
34 64
35 63
35 62
36 61
36 60
36 59
36 58
36 57
36 56
36 55
36 54
36 53
36 52
36 51
36 50
35 49
34 48
34 47
33 46
32 45
31 45
30 44
29 44
28 43
27 43
26 43
25 42
24 41
23 41
22 41
21 41
20 41
19 41
18 41
17 41
16 41
15 41
14 41
13 41
12 41
11 41
10 41
9 41
8 41
7 41
6 41
5 41
4 41
3 41
2 41
1 41
0 41
0 42
0 43
0 44
0 45
0 46
0 47
0 48
0 49
0 50
0 51
0 52
0 53
0 54
0 55
0 56
0 57
0 58
0 59
0 60
0 61
0 62
0 63
0 64
0 65
0 66
0 67
0 68
0 69
0 70
0 40
0 39
0 38
0 37
0 36
0 35
0 34
0 33
0 32
0 31
0 30
0 29
0 28
0 27
0 26
0 25
0 24
0 23
0 22
0 21
0 20
0 19
0 18
0 17
0 16
0 15
0 14
0 13
0 12
0 11
0 10
0 9
0 8
0 7
0 6
0 5
0 4
0 3
0 2
0 1
1 0
2 0
3 0
4 0
5 0
6 0
7 0
8 0
9 0
10 0
11 0
12 0
13 0
14 0
15 0
16 0
17 0
18 0
19 0
20 1
21 1
22 1
23 1
24 1
25 1
26 2
27 2
28 2
29 3
30 3
31 4
32 4
33 5
34 5
35 6
35 7
36 8
37 9
37 10
38 11
38 12
38 13
39 14
39 15
39 16
39 17
39 18
40 19
40 20
40 21
40 22
40 23
40 24
40 25
39 26
39 27
39 28
38 29
38 30
37 31
37 32
36 33
35 34
34 34
33 35
32 36
31 36
30 37
29 37
28 38
27 38
26 38
25 39
24 40
