21 73
22 73
23 72
24 72
25 72
26 72
27 72
28 71
29 71
30 70
31 69
32 68
33 67
34 66
35 65
36 64
36 63
37 62
37 61
38 60
38 59
38 58
39 57
39 56
39 55
20 72
19 72
18 72
17 72
16 71
15 71
14 70
13 70
12 69
11 68
10 67
9 66
8 65
8 64
7 63
6 62
6 61
5 60
5 59
4 58
4 57
4 56
3 55
3 54
3 53
2 52
2 51
2 50
2 49
2 48
1 47
1 46
1 45
1 44
1 43
1 42
0 41
0 40
0 39
0 38
0 37
0 36
0 35
0 34
0 33
0 32
1 31
1 30
1 29
1 28
1 27
1 26
1 25
2 24
2 23
2 22
2 21
2 20
3 19
3 18
3 17
4 16
4 15
4 14
5 13
5 12
6 11
6 10
7 9
8 8
9 7
10 6
11 5
12 4
13 3
14 2
15 2
16 1
17 1
18 0
19 0
20 0
21 0
22 0
23 0
24 0
25 0
26 1
27 1
28 1
29 2
30 2
31 3
32 4
33 4
34 5
34 6
35 7
36 8
36 9
37 10
37 11
38 12
38 13
38 14
39 15
39 16
39 17
39 18
39 19
