2 71
3 71
4 71
5 71
6 71
7 71
8 71
9 71
10 71
11 70
12 70
13 70
14 70
15 70
16 69
17 69
18 69
19 69
20 68
21 68
22 67
23 67
24 67
25 66
26 65
27 65
28 64
29 63
30 62
31 61
32 60
33 59
34 58
35 57
35 56
36 55
36 54
37 53
37 52
38 51
38 50
38 49
39 48
39 47
39 46
40 45
40 44
40 43
40 42
40 41
40 40
40 39
40 38
40 37
40 36
40 35
40 34
40 33
40 32
40 31
40 30
40 29
40 28
40 27
40 26
40 25
40 24
39 23
39 22
39 21
39 20
38 19
38 18
37 17
37 16
37 15
36 14
35 13
35 12
34 11
33 10
32 9
31 8
30 7
29 6
28 6
27 5
26 5
25 4
24 4
23 3
22 3
21 3
20 2
19 2
18 2
17 1
16 1
15 1
14 1
13 1
12 1
11 1
10 0
9 0
8 0
7 0
6 0
5 0
4 0
3 0
2 0
1 1
0 2
0 3
0 4
0 5
0 6
0 7
0 8
0 9
0 10
0 11
0 12
0 13
0 14
0 15
0 16
0 17
0 18
0 19
0 20
0 21
0 22
0 23
0 24
0 25
0 26
0 27
0 28
0 29
0 30
0 31
0 32
0 33
0 34
0 35
0 36
0 37
0 38
0 39
0 40
0 41
0 42
0 43
0 44
0 45
0 46
0 47
0 48
0 49
0 50
0 51
0 52
0 53
0 54
0 55
0 56
0 57
0 58
0 59
0 60
0 61
0 62
0 63
0 64
0 65
0 66
0 67
0 68
0 69
1 70
