1 72
2 72
3 72
4 72
5 72
6 72
7 72
8 72
9 72
10 72
11 72
12 72
13 72
14 72
15 72
16 72
17 72
18 72
19 72
20 72
21 72
22 72
23 72
24 72
25 72
26 72
27 72
28 72
29 72
30 72
31 72
32 72
33 72
34 72
35 72
36 72
37 72
38 72
0 71
0 70
0 69
0 68
0 67
0 66
0 65
0 64
0 63
0 62
0 61
0 60
0 59
0 58
0 57
0 56
0 55
0 54
0 53
0 52
0 51
0 50
0 49
0 48
0 47
0 46
0 45
0 44
0 43
0 42
0 41
0 40
0 39
0 38
0 37
0 36
0 35
0 34
0 33
0 32
0 31
0 30
0 29
0 28
1 28
2 28
3 28
4 28
5 28
6 28
7 28
8 28
9 28
10 28
11 28
12 28
13 28
14 28
15 28
16 28
17 28
18 28
19 28
20 28
21 28
22 28
23 28
24 28
25 28
26 29
27 29
28 29
29 29
30 29
31 28
32 28
33 28
34 28
34 0
33 0
32 0
31 0
30 0
29 0
28 0
27 0
26 0
25 0
24 0
23 0
22 0
21 0
20 0
19 0
18 0
17 0
16 0
15 0
14 0
13 0
12 0
11 0
10 0
9 0
8 0
7 0
6 0
5 0
4 0
3 0
2 0
1 0
0 1
0 2
0 3
0 4
0 5
0 6
0 7
0 8
0 9
0 10
0 11
0 12
0 13
0 14
0 15
0 16
0 17
0 18
0 19
0 20
0 21
0 22
0 23
0 24
0 25
0 26
0 27
35 0
36 0
37 0
38 0
39 0
