21 73
22 73
23 73
24 72
25 72
26 72
27 72
28 71
29 71
30 70
31 70
32 69
33 68
34 67
35 66
35 65
36 64
37 63
37 62
38 61
38 60
38 59
39 58
39 57
39 56
39 55
20 72
19 72
18 72
17 72
16 71
15 71
14 70
13 69
12 69
11 68
10 67
9 66
8 65
8 64
7 63
6 62
5 61
5 60
4 59
4 58
3 57
3 56
3 55
2 54
2 53
2 52
2 51
1 50
1 49
1 48
1 47
1 46
0 45
0 44
0 43
0 42
0 41
0 40
0 39
0 38
0 37
0 36
0 35
0 34
0 33
0 32
0 31
0 30
0 29
0 28
0 27
1 26
1 25
1 24
1 23
1 22
2 21
2 20
2 19
2 18
3 17
3 16
3 15
4 14
5 13
5 12
6 11
6 10
7 9
8 8
9 7
10 6
11 5
12 4
13 3
14 2
15 2
16 1
17 1
18 1
19 0
20 0
21 0
22 0
23 0
24 0
25 0
26 0
27 1
28 1
29 1
30 2
31 3
32 4
33 5
34 6
35 7
36 8
36 9
36 10
37 11
37 12
38 13
38 14
38 15
38 16
39 17
39 18
39 19
39 20
39 21
39 22
39 23
39 24
39 25
38 26
37 26
36 26
35 26
34 26
33 26
32 26
31 26
30 26
29 26
28 26
27 25
