39 73
39 72
38 71
38 70
38 69
38 68
38 67
38 66
38 65
38 64
38 63
38 62
38 61
38 60
38 59
38 58
38 57
38 56
38 55
38 54
38 53
38 52
38 51
38 50
38 49
38 48
38 47
38 46
38 45
38 44
38 43
38 42
38 41
38 40
38 39
38 38
38 37
38 36
38 35
38 34
38 33
38 32
38 31
38 30
38 29
37 29
36 29
35 29
34 29
33 29
32 29
31 29
30 29
29 29
28 29
27 29
26 29
25 29
24 29
23 29
22 29
21 29
20 29
19 29
18 29
17 29
16 29
15 29
14 29
13 29
12 29
11 29
10 29
9 29
8 29
7 29
6 29
5 29
4 29
3 29
2 29
1 29
0 29
0 30
0 31
0 32
0 33
0 34
0 35
0 36
0 37
0 38
0 39
0 40
0 41
0 42
0 43
0 44
0 45
0 46
0 47
0 48
0 49
0 50
0 51
0 52
0 53
0 54
0 55
0 56
0 57
0 58
0 59
0 60
0 61
0 62
0 63
0 64
0 65
0 66
0 67
0 68
0 69
0 70
0 71
0 72
0 28
0 27
0 26
0 25
0 24
0 23
0 22
0 21
0 20
0 19
0 18
0 17
0 16
0 15
0 14
0 13
0 12
0 11
0 10
0 9
0 8
0 7
0 6
0 5
0 4
0 3
0 2
0 1
0 0
38 1
38 2
38 3
38 4
38 5
38 6
38 7
38 8
38 9
38 10
38 11
38 12
38 13
38 14
38 15
38 16
38 17
38 18
38 19
38 20
38 21
38 22
38 23
38 24
38 25
38 26
38 27
38 28
