38 73
38 72
38 71
38 70
38 69
38 68
38 67
38 66
38 65
38 64
38 63
38 62
38 61
38 60
38 59
38 58
38 57
38 56
38 55
38 54
38 53
38 52
38 51
38 50
38 49
38 48
38 47
38 46
38 45
38 44
38 43
38 42
38 41
38 40
38 39
38 38
38 37
38 36
38 35
38 34
38 33
38 32
38 31
38 30
38 29
38 28
38 27
38 26
38 25
38 24
38 23
38 22
38 21
38 20
38 19
37 18
37 17
37 16
37 15
36 14
36 13
36 12
35 11
35 10
34 9
33 8
33 7
32 6
31 5
30 4
29 4
28 3
27 2
26 2
25 1
24 1
23 1
22 0
21 0
20 0
19 0
18 0
17 0
16 0
15 0
14 0
13 1
12 1
11 1
10 2
9 2
8 3
7 4
6 5
5 6
4 7
3 8
3 9
2 10
2 11
1 12
1 13
0 14
0 15
0 16
0 17
0 18
