39 72
38 71
37 70
36 69
35 68
34 67
33 66
32 65
31 64
31 63
30 62
29 61
28 60
27 59
26 58
25 57
24 56
23 55
23 54
22 53
21 52
20 51
19 50
18 49
17 48
16 47
15 46
14 45
14 44
13 43
12 42
12 41
11 40
11 39
10 39
9 38
8 38
7 37
6 36
6 35
5 34
4 33
3 33
2 33
1 32
0 33
0 34
0 35
0 36
0 37
0 38
0 39
0 40
0 41
0 42
0 43
0 44
0 45
0 46
0 47
0 48
0 49
0 50
0 51
0 52
0 53
0 54
0 55
0 56
0 57
0 58
0 59
0 60
0 61
0 62
0 63
0 64
0 65
0 66
0 67
0 68
0 69
0 70
0 71
12 38
13 37
14 36
14 35
15 34
16 33
16 32
17 31
18 30
19 29
19 28
20 27
21 26
22 25
22 24
23 23
24 22
24 21
25 20
26 19
26 18
27 17
28 16
29 15
29 14
30 13
31 12
31 11
32 10
33 9
34 8
34 7
35 6
36 5
37 4
37 3
38 2
39 1
39 0
1 1
0 2
0 3
0 4
0 5
0 6
0 7
0 8
0 9
0 10
0 11
0 12
0 13
0 14
0 15
0 16
0 17
0 18
0 19
0 20
0 21
0 22
0 23
0 24
0 25
0 26
0 27
0 28
0 29
0 30
0 31
