0 74
0 73
0 72
0 71
1 70
1 69
1 68
1 67
1 66
0 66
0 65
0 64
0 63
0 62
0 61
0 60
0 59
0 58
0 57
0 56
0 55
0 54
0 53
0 52
0 51
0 50
0 49
0 48
0 47
0 46
0 45
0 44
0 43
0 42
0 41
0 40
0 39
0 38
0 37
0 36
0 35
0 34
0 33
0 32
0 31
0 30
0 29
0 28
0 27
0 26
0 25
0 24
0 23
0 22
0 21
0 20
0 19
0 18
0 17
0 16
0 15
0 14
0 13
0 12
0 11
0 10
0 9
0 8
0 7
0 6
0 5
0 4
0 3
0 2
0 1
0 0
20 31
19 32
19 33
19 34
18 35
17 36
16 37
16 38
16 39
15 40
15 41
14 42
14 43
13 44
13 45
12 46
12 47
12 48
11 49
11 50
10 51
10 52
9 53
9 54
8 55
8 56
8 57
7 58
7 59
6 60
6 61
5 62
5 63
5 64
4 65
3 66
2 66
30 56
30 55
30 54
29 53
29 52
28 51
28 50
27 49
27 48
26 47
26 46
26 45
25 44
25 43
24 42
24 41
23 40
23 39
22 38
22 37
21 36
20 35
38 35
38 36
38 37
38 38
38 39
38 40
38 41
38 42
38 43
38 44
38 45
38 46
38 47
38 48
38 49
38 50
38 51
38 52
38 53
38 54
38 55
38 56
38 57
38 58
38 59
38 60
38 61
38 62
38 63
38 64
38 65
37 66
37 67
38 68
38 69
38 70
38 71
38 72
38 73
36 65
35 65
34 64
33 63
33 62
33 61
32 60
32 59
31 58
31 57
38 34
38 33
38 32
38 31
38 30
38 29
38 28
38 27
38 26
38 25
38 24
38 23
38 22
38 21
38 20
38 19
38 18
38 17
38 16
38 15
38 14
38 13
38 12
38 11
38 10
38 9
38 8
38 7
38 6
38 5
38 4
38 3
38 2
39 1
