39 77
39 76
39 75
39 74
38 73
38 72
38 71
38 70
38 69
38 68
38 67
38 66
38 65
38 64
38 63
38 62
38 61
38 60
38 59
38 58
38 57
38 56
38 55
38 54
38 53
38 52
38 51
38 50
38 49
38 48
38 47
38 46
38 45
38 44
38 43
38 42
38 41
38 40
38 39
38 38
38 37
38 36
38 35
38 34
38 33
38 32
38 31
38 30
38 29
38 28
38 27
38 26
38 25
38 24
38 23
38 22
38 21
38 20
38 19
38 18
38 17
38 16
38 15
38 14
38 13
38 12
38 11
38 10
38 9
37 8
36 8
35 9
34 10
33 11
33 12
32 13
32 14
31 15
31 16
30 17
30 18
29 19
29 20
28 21
28 22
27 23
27 24
26 25
26 26
25 27
25 28
24 29
24 30
23 31
23 32
22 33
22 34
21 35
21 36
20 37
20 38
19 39
19 40
18 41
18 42
17 43
17 44
16 45
16 46
15 47
15 48
14 49
14 50
13 51
13 52
12 53
12 54
11 55
11 56
10 57
9 58
9 59
8 60
8 61
7 62
7 63
6 64
6 65
5 66
4 67
3 68
2 68
1 68
1 69
1 70
1 71
1 72
0 73
0 74
0 67
0 66
0 65
0 64
0 63
0 62
0 61
0 60
0 59
0 58
0 57
0 56
0 55
0 54
0 53
0 52
0 51
0 50
0 49
0 48
0 47
0 46
0 45
0 44
0 43
0 42
0 41
0 40
0 39
0 38
0 37
0 36
0 35
0 34
0 33
0 32
0 31
0 30
0 29
0 28
0 27
0 26
0 25
0 24
0 23
0 22
0 21
0 20
0 19
0 18
0 17
0 16
0 15
0 14
0 13
0 12
0 11
0 10
0 9
0 8
0 7
0 6
0 5
0 4
0 3
0 2
37 7
38 6
38 5
38 4
38 3
39 2
39 1
39 0
