3 73
4 73
5 73
6 73
7 72
8 72
9 72
10 72
11 72
12 72
13 72
14 72
15 72
16 72
17 71
18 71
19 71
20 71
21 71
22 71
23 70
24 70
25 70
26 70
27 69
28 69
29 69
30 68
31 68
32 67
33 67
34 66
35 65
36 64
37 63
38 62
39 61
39 60
40 59
40 58
40 57
41 56
41 55
41 54
41 53
41 52
41 51
41 50
41 49
40 48
40 47
39 46
39 45
38 44
38 43
37 42
36 41
35 40
34 39
33 39
32 38
31 37
30 37
29 36
28 36
27 36
26 35
25 35
24 35
23 34
22 34
21 34
20 33
19 33
18 33
17 33
16 32
15 32
14 32
13 32
12 32
11 32
10 32
9 32
8 32
7 32
6 32
5 32
4 32
3 32
2 32
1 32
1 33
1 34
1 35
1 36
1 37
1 38
1 39
1 40
1 41
1 42
1 43
1 44
1 45
1 46
1 47
1 48
1 49
1 50
1 51
1 52
1 53
1 54
1 55
1 56
1 57
1 58
1 59
1 60
1 61
1 62
1 63
1 64
1 65
1 66
1 67
1 68
1 69
1 70
1 71
2 72
1 31
1 30
1 29
1 28
1 27
1 26
1 25
1 24
1 23
1 22
1 21
1 20
1 19
1 18
1 17
1 16
1 15
1 14
1 13
1 12
1 11
1 10
1 9
1 8
1 7
1 6
1 5
1 4
1 3
1 2
1 1
0 0
