17 75
18 75
19 75
20 75
21 75
22 75
23 75
24 75
25 74
26 74
27 73
28 72
29 71
30 70
31 69
32 68
32 67
33 66
34 65
34 64
35 63
35 62
36 61
36 60
36 59
37 58
37 57
37 56
38 55
38 54
38 53
38 52
39 51
39 50
39 49
39 48
39 47
39 46
39 45
39 44
40 43
40 42
40 41
40 40
40 39
40 38
40 37
40 36
40 35
40 34
40 33
40 32
40 31
40 30
39 29
39 28
39 27
39 26
39 25
39 24
39 23
39 22
39 21
39 20
38 19
38 18
38 17
37 16
37 15
37 14
36 13
36 12
35 11
35 10
34 9
33 8
32 7
32 6
32 5
31 5
30 4
29 3
28 2
27 1
26 1
25 0
24 0
23 0
22 0
21 0
20 0
19 0
18 0
17 0
16 0
15 1
14 1
13 2
12 2
11 3
10 4
9 5
8 6
7 7
7 8
6 9
5 10
5 11
4 12
4 13
4 14
3 15
3 16
3 17
3 18
2 19
2 20
2 21
2 22
1 23
1 24
1 25
1 26
1 27
1 28
1 29
0 30
0 31
0 32
0 33
0 34
0 35
0 36
0 37
0 38
0 39
0 40
0 41
1 42
1 43
1 44
1 45
1 46
1 47
1 48
2 49
2 50
2 51
2 52
2 53
3 54
3 55
3 56
3 57
4 58
4 59
4 60
5 61
5 62
6 63
6 64
7 65
7 66
8 67
9 68
9 69
10 70
11 71
12 72
13 73
14 73
15 74
16 74
24 11
25 11
26 11
27 10
28 10
29 9
30 8
31 8
33 5
34 4
35 4
36 3
37 2
38 1
39 1
40 0
41 1
