2 73
3 73
4 73
5 73
6 72
7 72
8 72
9 72
10 72
11 72
12 72
13 72
14 72
15 72
16 72
17 71
18 71
19 71
20 71
21 70
22 70
23 70
24 70
25 70
26 69
27 69
28 69
29 68
30 68
31 67
32 67
33 66
34 65
35 64
36 63
37 62
38 61
38 60
39 59
39 58
39 57
40 56
40 55
40 54
40 53
40 52
40 51
40 50
40 49
39 48
39 47
39 46
38 45
37 44
37 43
36 42
35 41
34 40
33 39
32 39
31 38
30 37
29 37
28 36
27 36
26 36
25 35
24 35
23 34
22 34
21 34
20 34
19 33
18 33
17 33
16 32
15 32
14 32
13 32
12 32
11 32
10 32
9 32
8 32
7 32
6 32
5 32
4 32
3 32
2 32
1 32
0 32
0 33
0 34
0 35
0 36
0 37
0 38
0 39
0 40
0 41
0 42
0 43
0 44
0 45
0 46
0 47
0 48
0 49
0 50
0 51
0 52
0 53
0 54
0 55
0 56
0 57
0 58
0 59
0 60
0 61
0 62
0 63
0 64
0 65
0 66
0 67
0 68
0 69
0 70
0 71
1 72
0 31
0 30
0 29
0 28
0 27
0 26
0 25
0 24
0 23
0 22
0 21
0 20
0 19
0 18
0 17
0 16
0 15
0 14
0 13
0 12
0 11
0 10
0 9
0 8
0 7
0 6
0 5
0 4
0 3
0 2
0 1
0 0
25 18
25 19
24 20
23 21
22 22
21 23
20 24
20 25
19 26
19 27
18 28
17 29
17 30
16 31
26 17
27 16
28 15
29 14
30 13
30 12
31 11
32 10
33 9
34 8
34 7
35 6
36 5
37 4
38 3
39 2
39 1
