19 73
20 73
21 73
22 73
23 73
24 73
25 72
26 72
27 72
28 72
29 71
30 71
31 70
32 69
33 68
34 67
35 66
36 65
37 64
37 63
38 62
38 61
39 60
39 59
39 58
28 36
27 36
26 37
25 37
24 37
23 37
22 37
21 38
20 38
19 38
18 38
17 38
16 38
15 38
14 38
13 38
12 39
11 39
10 39
9 40
8 40
7 41
6 42
5 43
4 44
3 45
2 46
2 47
2 48
1 49
1 50
1 51
1 52
1 53
0 54
1 55
1 56
1 57
1 58
1 59
2 60
2 61
2 62
3 63
3 64
4 65
5 66
6 67
7 68
8 69
9 69
10 70
11 70
12 71
13 71
14 72
15 72
16 72
17 72
18 72
29 35
30 35
31 34
32 33
33 32
34 31
35 30
35 29
36 28
36 27
37 26
37 25
37 24
37 23
38 22
38 21
38 20
38 19
38 18
38 17
38 16
38 15
38 14
38 13
38 12
37 11
37 10
36 9
36 8
35 7
34 6
33 5
32 4
31 3
30 3
29 2
28 2
27 1
26 1
25 1
24 0
23 0
22 0
21 0
20 0
19 0
18 0
17 0
16 0
15 0
14 0
13 1
12 1
11 1
10 2
9 2
8 3
7 3
6 4
5 5
4 6
3 7
2 8
2 9
1 10
1 11
1 12
0 13
0 14
0 15
0 16
