40 75
39 74
38 74
37 74
36 74
35 74
34 74
33 74
32 74
31 74
30 74
29 74
28 74
27 74
26 74
25 74
24 74
23 74
22 74
21 74
20 74
19 74
18 74
17 74
16 74
15 74
14 74
13 74
12 74
11 74
10 74
9 74
8 74
7 74
6 74
5 74
4 74
3 74
2 74
1 74
0 74
20 73
20 72
20 71
20 70
20 69
20 68
20 67
20 66
20 65
20 64
20 63
20 62
20 61
20 60
20 59
20 58
20 57
20 56
20 55
20 54
20 53
20 52
20 51
20 50
20 49
20 48
20 47
20 46
20 45
20 44
20 43
20 42
20 41
20 40
20 39
20 38
20 37
20 36
20 35
20 34
20 33
20 32
20 31
20 30
20 29
20 28
20 27
20 26
20 25
20 24
20 23
20 22
20 21
20 20
20 19
20 18
20 17
20 16
20 15
20 14
20 13
20 12
20 11
20 10
20 9
20 8
20 7
20 6
20 5
20 4
20 3
20 2
20 1
19 0
