0 71
0 70
0 69
1 68
1 67
1 66
2 65
2 64
2 63
2 62
3 61
3 60
3 59
4 58
4 57
4 56
5 55
5 54
5 53
5 52
6 51
6 50
6 49
7 48
7 47
7 46
7 45
8 44
8 43
8 42
9 41
9 40
9 39
10 38
10 37
10 36
10 35
11 34
11 33
11 32
12 31
12 30
12 29
13 28
13 27
13 26
13 25
14 24
14 23
14 22
14 21
15 20
15 19
15 18
16 17
16 16
16 15
16 14
17 13
17 12
17 11
18 10
18 9
18 8
19 7
19 6
20 5
21 4
21 3
21 2
21 1
21 0
22 5
23 6
23 7
24 8
24 9
24 10
24 11
25 12
25 13
25 14
26 15
26 16
26 17
26 18
27 19
27 20
27 21
28 22
28 23
28 24
28 25
29 26
29 27
29 28
29 29
30 30
30 31
30 32
30 33
31 34
31 35
31 36
32 37
32 38
32 39
33 40
33 41
33 42
33 43
34 44
34 45
34 46
34 47
35 48
35 49
35 50
36 51
36 52
36 53
37 54
37 55
37 56
37 57
38 58
38 59
38 60
38 61
39 62
39 63
39 64
40 65
40 66
40 67
41 68
41 69
41 70
42 71
