41 74
41 73
40 72
40 71
40 70
40 69
40 68
40 67
39 66
39 65
39 64
39 63
39 62
38 61
38 60
38 59
38 58
38 57
37 56
37 55
37 54
37 53
37 52
36 51
36 50
36 49
36 48
36 47
35 46
35 45
35 44
35 43
35 42
34 41
34 40
34 39
34 38
34 37
33 36
33 35
33 34
33 33
33 32
32 31
32 30
32 29
32 28
32 27
32 26
31 25
31 24
31 23
31 22
31 21
31 20
30 19
30 18
30 17
30 16
30 15
29 14
28 13
27 12
26 12
25 13
25 14
25 15
25 16
25 17
24 18
24 19
24 20
24 21
24 22
24 23
24 24
24 25
23 26
23 27
23 28
23 29
23 30
23 31
23 32
23 33
22 34
22 35
22 36
22 37
22 38
21 39
20 40
20 41
20 42
20 43
20 44
20 45
20 46
20 47
20 48
20 49
20 50
20 51
20 52
20 53
20 54
19 40
18 39
18 38
18 37
18 36
17 35
17 34
17 33
17 32
17 31
17 30
17 29
17 28
16 27
16 26
16 25
16 24
16 23
16 22
16 21
16 20
16 19
15 18
15 17
15 16
15 15
15 14
14 13
13 12
12 12
11 13
11 14
11 15
10 16
10 17
10 18
10 19
10 20
9 21
9 22
9 23
9 24
9 25
8 26
8 27
8 28
8 29
8 30
8 31
7 32
7 33
7 34
7 35
7 36
6 37
6 38
6 39
6 40
6 41
5 42
5 43
5 44
5 45
5 46
4 47
4 48
4 49
4 50
4 51
3 52
3 53
3 54
3 55
3 56
3 57
2 58
2 59
2 60
2 61
2 62
1 63
1 64
1 65
1 66
1 67
0 68
0 69
0 70
0 71
0 72
13 11
13 10
13 9
13 8
13 7
13 6
13 5
13 4
13 3
13 2
26 3
26 4
27 5
27 6
27 7
27 8
27 9
27 10
27 11
27 2
27 1
27 0
