0 73
0 72
1 71
1 70
2 69
3 68
3 67
4 66
4 65
5 64
5 63
6 62
6 61
7 60
7 59
8 58
8 57
9 56
9 55
10 54
11 53
11 52
12 51
12 50
13 49
13 48
14 47
14 46
15 45
15 44
16 43
16 42
17 41
18 40
19 40
20 40
21 41
22 42
23 43
23 44
24 45
24 46
25 47
25 48
26 49
26 50
27 51
28 52
28 53
29 54
29 55
30 56
30 57
31 58
31 59
32 60
32 61
33 62
33 63
34 64
34 65
35 66
35 67
36 68
37 69
37 70
38 71
38 72
19 39
19 38
19 37
19 36
19 35
19 34
20 34
21 33
22 32
22 31
23 30
23 29
24 28
24 27
25 26
25 25
26 24
26 23
27 22
27 21
28 20
28 19
29 18
29 17
30 16
30 15
31 14
31 13
32 12
32 11
33 10
34 9
34 8
35 7
35 6
36 5
36 4
37 3
37 2
38 1
38 0
8 14
8 15
9 16
9 17
10 18
10 19
11 20
11 21
12 22
12 23
13 24
14 25
14 26
14 27
15 28
15 29
16 30
16 31
17 32
18 33
7 13
7 12
6 11
6 10
5 9
4 8
4 7
3 6
3 5
2 4
2 3
1 2
1 1
0 0
