1 73
0 72
0 71
1 70
1 69
2 68
2 67
2 66
3 65
3 64
4 63
4 62
5 61
5 60
6 59
6 58
7 57
7 56
8 55
8 54
8 53
9 52
9 51
10 50
10 49
11 48
11 47
12 46
12 45
13 44
13 43
13 42
14 41
14 40
15 39
15 38
16 37
16 36
17 35
17 34
18 33
19 32
20 32
21 32
22 33
22 34
23 35
23 36
23 37
24 38
24 39
25 40
25 41
26 42
26 43
27 44
27 45
27 46
28 47
28 48
29 49
29 50
30 51
30 52
30 53
31 54
31 55
32 56
32 57
33 58
33 59
33 60
34 61
34 62
35 63
35 64
36 65
36 66
37 67
37 68
37 69
38 70
39 71
20 31
20 30
20 29
20 28
20 27
20 26
20 25
20 24
20 23
20 22
20 21
20 20
20 19
20 18
20 17
20 16
20 15
20 14
20 13
20 12
20 11
20 10
20 9
20 8
20 7
20 6
20 5
20 4
20 3
20 2
20 1
20 0
