3 73
4 73
5 73
6 73
7 73
8 73
9 73
10 73
11 73
12 73
13 73
14 73
15 73
16 73
17 73
18 73
19 73
20 73
21 73
22 73
23 73
24 73
25 73
26 73
27 73
28 73
29 73
30 73
31 73
32 73
33 73
34 73
35 73
36 73
37 73
38 72
38 71
38 70
38 69
37 68
37 67
36 66
36 65
35 64
34 63
34 62
33 61
33 60
32 59
32 58
31 57
31 56
30 55
30 54
29 53
29 52
28 51
27 50
27 49
26 48
26 47
25 46
25 45
24 44
24 43
23 42
23 41
22 40
22 39
21 38
20 37
20 36
19 35
19 34
18 33
18 32
17 31
17 30
16 29
16 28
15 27
15 26
15 25
14 24
13 23
13 22
12 21
12 20
11 19
11 18
10 17
10 16
9 15
9 14
8 13
8 12
7 11
6 10
6 9
5 8
5 7
4 6
4 5
3 4
3 3
3 2
2 1
2 0
1 0
0 0
3 0
4 0
5 0
6 0
7 0
8 0
9 0
10 0
11 0
12 0
13 0
14 0
15 0
16 0
17 0
18 0
19 0
20 0
21 0
22 0
23 0
24 0
25 0
26 0
27 0
28 0
29 0
30 0
31 0
32 0
33 0
34 0
35 0
36 0
37 0
38 0
39 0
40 1
2 72
